0.013634754
0.151528629
0.311757089
0.451480106
0.611453125
0.779566058
0.918279283
1.053404925
1.112128505
1.158636513
1.204359381
1.24522031
1.296947761
1.336573106
1.386633345
1.433530787
1.472775251
1.532297085
1.572247434
1.631070795
1.687176101
1.725856655
1.785507921
1.910244283
2.090160546
2.200957677
2.296419202
2.355610331
2.395359405
2.454228382
2.506495224
2.548275856
2.594247893
2.650728379
2.690648508
2.740500061
2.779570619
2.826242839
2.876069875
2.919573025
2.967057754
3.008210046
3.056002673
3.105047419
3.146873095
3.195840867
3.235078488
3.285033244
3.334751945
3.391770682
3.457748113
3.506122896
3.55274494
3.601364331
3.641163011
3.687985759
3.729374676
3.776550937
3.823332632
3.864953613
3.912656722
3.950934157
3.998405202
4.042781301
4.134903842
4.234938794
4.334782165
4.435817216
4.532087829
4.634020915
4.73183558
4.832579268
4.931808554
5.032537417
5.131606481
5.232674032
5.332923943
5.432225641
5.532862135
5.632957527
5.731715272
5.83129807
5.931872984
6.032048201
6.131859642
6.233036668
6.331400417
6.432016955
6.531290715
6.632627962
6.731978126
6.832549048
6.947737719
7.031407887
7.131356742
7.232790349
7.331286381
7.432364766
7.531180669
7.632066333
7.731592113
7.832257115
7.931629516
8.032008288
8.131398365
8.232644953
8.331536691
8.432266694
8.531824405
8.632166114
8.731855536
8.831906454
8.93132732
9.032303642
9.131579112
9.23263412
9.331412961
9.432224501
9.531387645
9.632314932
9.731329259
9.831811233
9.931273723
10.03235895
10.18069456
10.23395751
10.33269701
10.43228551
10.53135971
10.63178295
10.73126084
10.83235462
10.93151149
11.03210921
11.13141148
11.23285535
11.33021273
11.43296061
11.53274126
11.63336065
11.73197299
11.83302971
11.93213242
12.03361506
12.13275654
12.23370549
12.33250087
12.4340622
12.53337701
12.63488759
12.73430846
12.83472201
12.93398608
13.03503139
13.14216739
13.23544226
13.33252995
13.43512502
13.53413079
13.63512935
13.73496132
13.8350989
13.93006152
14.03540657
14.13146165
14.23268373
14.33058221
14.43233854
14.53063272
14.6330288
14.73057719
14.83224913
14.93063626
15.03251689
15.13005103
15.2326478
15.33056453
15.43081957
15.53129128
15.63080395
15.73044776
15.83224799
15.93005467
16.03237377
16.13315281
16.23210214
16.33060786
16.43223876
16.53068461
16.63190782
16.73004578
16.83175536
16.93060319
17.03166105
17.13002708
17.2322692
17.33076638
17.43097523
17.53016632
17.63161247
17.73074482
17.83200395
17.9307178
18.03191307
18.12984633
18.23181762
18.33052633
18.43207454
18.53068917
18.63262682
18.73071802
18.83175422
18.9305456
19.03159719
19.13026941
19.23179025
19.33069567
19.43173985
19.5311094
19.63228243
19.73004635
19.83188365
19.93045152
20.03170552
20.13002252
20.23181819
20.32988659
20.43183564
20.53073593
20.6326177
20.73159097
20.83227821
20.93140601
21.03240799
21.13126038
21.23077419
21.33190446
21.43260766
21.53182669
21.63275853
21.73207563
21.83291739
21.93288962
22.03343545
22.13361124
22.23414624
22.33388527
22.43434216
22.53490909
22.63278875
22.73278436
22.83241106
22.93396441
23.03480047
23.13309294
23.23507393
23.32963
23.43485931
23.5306504
23.63182172
23.73066443
23.83135566
23.92964357
24.03138451
24.13131341
24.23125143
24.3307698
24.43117765
24.53058027
24.63224936
24.73038732
24.83156434
24.93030727
25.03117924
25.13042449
25.23110204
25.3311752
25.43082014
25.5301743
25.63298718
25.7303782
25.83106772
25.93019665
26.03114674
26.13029278
26.23132213
26.33045734
26.43128541
26.53079409
26.63094422
26.73038048
26.8311943
26.93040762
27.03117354
27.13027625
27.23135178
27.33022071
27.43112462
27.53027921
27.6311358
27.7305139
27.83110934
27.93037113
28.0311992
28.13053568
28.23120524
28.33029427
28.43102997
28.53049759
28.62987741
28.73051276
28.83077464
28.93037911
29.03098652
29.13019414
29.23113397
29.32934092
29.43192972
29.53004487
29.62984662
29.72995569
29.83118346
29.93017213
30.03124367
30.13038002
30.23149319
30.32925311
30.43126374
30.53085624
30.63141233
30.73114623
30.83203817
30.93173386
31.03357059
31.13115832
31.23255144
31.33160568
31.43351368
31.53218989
31.63404714
31.73121921
31.83422994
31.9334484
32.03267084
32.1334647
32.23683009
32.3335922
32.43506572
32.53336332
32.63582212
32.73023793
32.83482008
32.93007121
33.03006853
33.12991817
33.23089735
33.33122423
33.43321719
33.5301418
33.63077601
33.73009082
33.83086188
33.92974393
34.03080635
34.13008581
34.23082607
34.32968018
34.43112633
34.53022733
34.6309847
34.72968885
34.83054999
34.92981463
35.03054406
35.12978133
35.23046458
35.32976286
35.43042216
35.52961039
35.63065114
35.72951722
35.83052148
35.92969831
36.03046024
36.12909768
36.2304469
36.33004909
36.43077111
36.52904591
36.6307361
36.72903542
36.8307296
36.93044582
37.03065126
37.13009835
37.23055068
37.32968018
37.43056869
37.52984302
37.63056333
37.72971564
37.83029284
37.93260339
38.03113363
38.12879435
38.23055011
38.32954277
38.43063483
38.53597476
38.63077088
38.72930112
38.82953963
38.92980208
39.03050073
39.13036577
39.23020515
39.33043852
39.430559
39.53017031
39.63105312
39.72915915
39.83142465
39.929708
40.03155442
40.13126323
40.23253149
40.33324895
40.4304136
40.53076843
40.6320116
40.73235159
40.83283642
40.93211987
41.03289036
41.13292303
41.23387826
41.33355513
41.433695
41.53324587
41.63291476
41.73332375
41.83359134
41.9336012
42.39612687
42.45624682
42.50684475
42.55967892
42.63287314
42.67558203
42.72346987
42.76639771
42.83026832
42.92851347
43.03085481
43.13006813
43.23104274
43.3293261
43.43010799
43.52964574
43.63007127
43.72971964
43.83029227
43.9295991
44.03057599
44.13061265
44.45707302
44.55161598
44.61929369
44.66634622
44.71817802
44.76360382
44.83137961
44.92973651
45.03100249
45.12937992
45.23040528
45.32955645
45.42909078
45.52913999
45.62945319
45.72914603
45.83232155
45.92934993
46.0310749
46.12942839
46.22923584
46.32913794
46.43027277
46.52891648
46.62888871
46.72836317
46.82935033
46.9291287
47.02988151
47.12974256
47.22993374
47.32922688
47.43007891
47.52917078
47.62899476
47.72905309
47.82980248
47.92946454
48.02885518
48.12913075
48.23012874
48.32953364
48.4302722
48.52954083
48.62990705
48.72923954
48.830416
48.92910646
49.03054691
49.12942154
49.23064419
49.32940649
49.4309587
49.5299639
49.63111242
49.72999845
49.82987319
49.93074802
50.03177223
50.1309981
50.23264039
50.33135708
50.43277016
50.53101076
50.63331218
50.73205795
50.8334009
50.93208851
51.033578
51.13135218
51.23339702
51.33197345
51.43169195
51.53190651
51.63160677
51.72958336
51.83423508
51.92811435
52.03061533
52.12821675
52.23050677
52.32864701
52.4297636
52.52871463
52.63050803
52.72863401
52.83021073
52.92877519
53.03054463
53.1285811
53.23025418
53.32912482
53.43038395
53.52857323
53.62935626
53.72856559
53.83040003
53.97000331
54.18029429
54.26250537
54.30779718
54.35144629
54.42920368
54.52945986
54.62960315
54.72895445
54.83010981
54.92893256
55.02998471
55.15462529
55.64052783
55.7008234
55.76414093
55.8194075
55.86765399
55.93995246
55.99573219
56.04358298
56.12015666
56.17817949
56.2530968
56.32941733
56.4292607
56.52876367
56.63871579
56.74405343
56.84878782
56.92897874
57.02952572
57.34544228
57.44634847
57.53548839
57.59268617
57.64343233
57.6909547
57.76300684
57.83258098
57.92854369
58.02856838
58.12838495
58.23006488
58.32832771
58.42963645
58.52762331
58.63021609
58.72767154
58.83039889
58.92870334
59.02987809
59.12971234
59.22906478
59.32984496
59.43082413
59.53012811
59.63109018
59.73128764
59.83239453
59.93158675
60.03321593
60.13178495
60.23232565
60.33314517
60.43183393
60.53203138
60.63257094
60.73222045
60.83208606
60.93195851
61.03287896
61.13153293
61.23228973
61.32835052
61.43293096
61.52839989
61.63009921
61.72981087
61.83120855
61.92829966
62.0281761
62.12828061
62.22895189
62.32812358
62.43006351
62.52828985
62.6301471
62.72970367
62.82914392
62.92839602
63.02911804
63.12814206
63.22924097
63.32845144
63.42884047
63.52750357
63.6291567
63.72800852
63.8283776
63.92939897
64.02944475
64.12835987
64.22930141
64.32865043
64.42903319
64.5294171
64.62905919
64.72835063
64.82940507
64.9285015
65.02889738
65.12876527
65.22957624
65.4069894
65.57218756
65.68708373
65.75681524
65.80766632
65.85768779
65.95137491
66.04610831
66.1293172
66.22935786
66.32938996
66.43166401
66.53035562
66.63060211
66.72792185
66.82883431
66.92780474
67.0282314
67.12840605
67.22919364
67.32782139
67.42888039
67.52807717
67.62809616
67.72746514
67.82913594
67.92827115
68.02941567
68.12835531
68.22975299
68.32866355
68.42984057
68.52866503
68.63014938
68.7282919
68.83032819
68.92798263
69.03092152
69.13031673
69.23142362
69.33001203
69.43253753
69.5311533
69.6326291
69.73043122
69.83601062
69.9303238
70.03215197
70.13146964
70.23342382
70.33230872
70.43264358
70.53239858
70.63322893
70.72828221
70.83285638
70.92807158
71.03071968
71.12726113
71.22922215
71.32821139
71.42944201
71.52950662
71.62910709
71.72836774
71.82926138
71.92847071
72.02929365
72.12823899
72.2291372
72.32825758
72.42852459
72.52810112
72.6283362
72.72791444
72.82870374
72.92761088
73.02860316
73.12785469
73.22859552
73.32783792
73.428536
73.52815358
73.62859507
73.72813795
73.82889532
73.92738965
74.0287936
74.12811583
74.22897355
74.32785503
74.42900754
74.52786392
74.62922512
74.72793611
74.82913138
74.92786176
75.02822399
75.12743674
75.2290414
75.32800213
75.42909819
75.52793691
75.62855173
75.72785685
75.82909546
75.9276696
76.02923778
76.12768819
76.2289325
76.32797705
76.43882435
76.52756629
76.62931578
76.72764874
76.829303
76.92717754
77.02942194
77.12874075
77.22840337
77.32798959
77.42911758
77.52856068
77.62849928
77.72806383
77.82936287
77.92763882
78.03009533
78.12944093
78.22988299
78.33053203
78.43025167
78.83090978
78.88724087
78.93356699
78.9830753
79.02418483
79.0727643
79.13434734
79.22968913
79.331068
79.43196507
79.53319284
79.63187247
79.89976035
80.00280016
80.09022327
80.13897779
80.18946453
80.23678105
80.33128353
80.43157221
80.52798708
80.6282866
80.72805585
80.82807996
80.92799062
81.02875426
81.12790771
81.22860008
81.3279149
81.42873841
81.52797511
81.62950223
81.72935871
81.82862506
81.92793417
82.02814246
82.12727538
82.22903456
82.32744621
82.42920254
82.52782971
82.62903183
82.72713443
82.82893695
82.92789426
83.02895668
83.1275485
83.22903
83.3274445
83.42903547
83.52735988
83.62893204
83.72739444
83.82877102
83.9274632
84.0293883
84.12708494
84.22873579
84.32738007
84.42897789
84.52712839
84.629147
84.72743606
84.827739
84.92648591
85.02841899
85.12728165
85.23017835
85.32727743
85.42872929
85.52715918
85.62922398
85.72727926
85.82854124
85.92737767
86.02827645
86.12723319
86.22882303
86.32740915
86.42903776
86.52634838
86.6291031
86.72728952
86.82924998
86.92765307
87.03113762
87.12969295
87.22999817
87.32920009
87.4313966
87.52863652
87.63061066
87.72857642
87.83078377
87.92981634
88.03201855
88.1297169
88.23195731
88.33118774
88.43195309
88.52955223
88.63286573
88.72860493
88.83122224
88.92968235
89.03130069
89.13004418
89.23028668
89.33037067
89.43281749
89.53101418
89.63112496
89.74199907
89.8331198
89.92713363
90.02822228
90.12714709
90.22778644
90.32730309
90.42811577
90.52697159
90.62770615
90.72712018
90.82790948
90.9277386
91.02792921
91.12703248
91.2277431
91.32703853
91.42784836
91.52690488
91.62701566
91.72696338
91.8279836
91.92694947
92.02783456
92.12692757
92.22759029
92.32664624
92.42787002
92.52674295
92.62787778
92.72677921
92.82786273
92.92659652
93.02795373
93.126797
93.3555898
93.49494049
93.65509312
93.81905741
93.95025906
94.12234274
94.23093384
94.38010534
94.46843389
94.52327225
94.60169276
94.7619292
94.91201356
95.06722442
95.2178687
95.38325103
95.521491
95.64011274
95.69467912
95.74271123
95.78813133
95.82825729
95.87629567
95.9246847
95.96424391
96.01449744
96.05329317
96.10447382
96.1526707
96.1927271
96.2369732
96.32701743
96.42780673
96.52744427
96.62829287
96.72843502
96.82866782
96.92795983
97.02834316
97.12881601
97.22738332
97.32862591
97.42920197
97.52913087
97.62988254
97.72913691
97.83008301
97.93045893
98.02984331
98.1294472
98.22976896
98.32943842
98.42996943
98.52949749
98.62993442
98.72902972
98.83005621
98.92982603
99.03158464
99.13174275
99.22954716
99.32640791
99.43119646
99.5265029
99.62757501
99.72635043
99.82758448
99.92646595
100.0275227
100.126411
100.227637
100.326372
100.4275216
100.5263911
100.6274587
100.7263978
100.827658
100.9263901
101.0276989
101.1265786
101.2270315
101.3265505
101.4275348
101.5262811
101.62701
101.7266258
101.8272697
101.9261894
102.0271908
102.1261196
102.2277978
102.3261228
102.427606
102.5278143
102.6275585
102.726668
102.8274026
102.9266273
103.0274377
103.1261795
103.2277089
103.3262847
103.4266658
103.5263347
103.6274176
103.7267285
103.8271426
103.9262094
104.0271543
104.1264777
104.2270041
104.3261177
104.4271088
104.5265246
104.6275151
104.7261748
104.8280007
104.9261204
105.0273835
105.1262502
105.2275464
105.3264073
105.4276596
105.526313
105.6283339
105.7264656
105.8277915
105.9262544
106.0279623
106.1271836
106.2280527
106.3267871
106.4281488
106.5271991
106.6289611
106.7278814
106.8290162
106.9281959
107.0297019
107.1281187
107.2290306
107.3282103
107.4291894
107.5285578
107.6282393
107.728577
107.8296611
107.9284661
108.0299408
108.1287636
108.2291771
108.3291607
108.4282612
108.5287563
108.6296972
108.7293359
108.8310797
108.9260777
109.026989
109.1258499
109.2272801
109.3260179
109.427171
109.526085
109.6272221
109.7262535
109.8268381
109.925841
110.0270181
110.1262525
110.2274637
110.3264678
110.4272326
110.5264881
110.627006
110.7260904
110.8272635
110.9260771
111.0272781
111.1258294
111.2268702
111.3263697
111.4269093
111.5262492
111.6273504
111.7261041
111.8271249
111.9258211
112.0268213
112.1260198
112.2270013
112.3260584
112.4267251
112.5259384
112.6284759
112.7259331
112.8269145
112.9258541
113.0268886
113.1263095
113.2267259
113.3259843
113.4268825
113.5258027
113.6269182
113.7260534
113.8266876
113.9260879
114.0272496
114.1262348
114.2270019
114.32597
114.4267086
114.5257041
114.6278567
114.7261708
114.8270616
114.9261461
115.0272051
115.1273746
115.2268223
115.3266525
115.4278233
115.5271672
115.62961
115.7274509
115.8277059
115.9272334
116.027895
116.1280736
116.2305518
116.3278071
116.4287133
116.528567
116.6289834
116.7285821
116.8284751
116.9281993
117.0288312
117.1287447
117.2284496
117.3280871
117.4288804
117.5270691
117.6279473
117.7281722
117.8288241
117.9288368
118.0296403
118.1289637
118.2296469
118.3289965
118.4292732
118.5260975
118.6264962
118.7256497
118.8267264
118.9258165
119.0265756
119.1258237
119.2265913
119.3258161
119.4266464
119.5258204
119.6268252
119.7257871
119.8266123
119.9256865
120.0267142
120.1255124
120.2265794
120.3258457
120.4264526
120.5258113
120.6271234
120.7260728
120.8403201
120.9470866
121.0261628
121.1257228
121.2268006
121.3264307
121.4262883
121.5257805
121.6265561
121.7259302
121.8266328
121.9257977
122.0268624
122.1258037
122.226491
122.325669
122.4263933
122.5258135
122.6265914
122.7254963
122.826553
122.9256774
123.026851
123.1261983
123.2265617
123.3256302
123.4264976
123.526061
123.6265949
123.7260237
123.826772
123.9255656
124.026668
124.1258151
124.2275812
124.3256564
124.4263608
124.5261425
124.6286555
124.725835
124.8272572
124.9257988
125.0276624
125.1266744
125.22784
125.326429
125.4282737
125.5256892
125.6278145
125.725486
125.8283143
125.9268765
126.0281607
126.1276141
126.2281388
126.3273407
126.4285981
126.5265274
126.6288995
126.7258612
126.8287499
126.9274119
127.0282593
127.127646
127.2287164
127.3274337
127.4292031
127.5281422
127.6283972
127.7282412
127.8295356
127.9256375
128.0296449
128.1254696
128.2262914
128.3255093
128.4264075
128.5256396
128.6263799
128.7254364
128.8262081
128.9257863
129.0267712
129.1253219
129.2264357
129.3253388
129.4260819
129.5256282
129.6261439
129.725616
129.8263329
129.9255023
130.026904
130.1257296
130.2266837
130.3254563
130.4264691
130.52561
130.6267511
130.7257255
130.8263974
130.9254984
131.0259752
131.1258955
131.2263935
131.3256216
131.4264885
131.5254914
131.6276018
131.7254456
131.8263244
131.9256181
132.0261776
132.1256116
132.2261563
132.3270152
132.4266202
132.5256134
132.6264677
132.7254912
132.8263198
132.9254835
133.0261577
133.125087
133.2264516
133.325251
133.4261737
133.5258865
133.6268412
133.7265483
133.8269567
133.9253056
134.0271823
134.1277218
134.2274449
134.3270174
134.4278512
134.5277556
134.6289377
134.7279988
134.8275263
134.9277169
135.0280854
135.1282071
135.2281531
135.3284121
135.4282555
135.5287888
135.628156
135.7285878
135.8293218
135.9262191
136.0286009
136.1285144
136.2283253
136.3283129
136.4270307
136.5283417
136.6278379
136.7280496
136.8287191
136.9290808
137.0283072
137.1289614
137.2291714
137.3289025
137.4296439
137.5252781
137.6269501
137.7253298
137.826098
137.9253039
138.0260185
138.1254394
138.2256893
138.3253211
138.4256771
138.525326
138.6258228
138.7253184
138.8256772
138.9253244
139.0260989
139.1253949
139.2263695
139.3251387
139.4261572
139.5250792
139.6263907
139.7253195
139.8260866
139.925317
140.0260807
140.1253105
140.2261033
140.32556
140.4259975
140.5250159
140.6260372
140.7251394
140.8258158
140.9253056
141.0260858
141.1253088
141.2256665
141.325133
141.4256714
141.5254275
141.6262739
141.7253623
141.8261014
141.9253062
142.025982
142.1251275
142.2260976
142.3253816
142.4261196
142.5252981
142.6272033
142.7250208
142.8262828
142.9248677
143.0264342
143.1253926
143.2262241
143.3250794
143.426952
143.5253466
143.6266912
143.7251234
143.8290088
143.9255582
144.0275746
144.1261527
144.2278338
144.3260168
144.4279156
144.5263991
144.628282
144.7265221
144.8277732
144.9261911
145.0280832
145.1252301
145.2279626
145.3263378
145.4282247
145.5258084
145.6273926
145.7262649
145.8270092
145.9265332
146.0281419
146.1273871
146.227941
146.3273766
146.4285337
146.5273981
146.6276337
146.727602
146.8291331
146.9277814
147.0294208
147.124851
147.2261757
147.3248684
147.4257906
147.525001
147.6258542
147.72484
147.8259013
147.9250183
148.0257802
148.1251378
148.2259493
148.3250155
148.4271579
148.5248334
148.6260686
148.7248429
148.8255917
148.9248364
149.0259119
149.1248327
149.225642
149.3250075
149.4253755
149.5249588
149.6264244
149.7250111
149.8259321
149.9248227
150.025819
150.1252045
150.2258609
150.3249859
150.4260876
150.5249959
150.6263223
150.7252403
150.8254611
150.9249829
151.0257745
151.1248265
151.22578
151.3248142
151.4255978
151.5248146
151.6259107
151.7249928
151.8260604
151.9252001
152.0253577
152.1248168
152.2256311
152.324938
152.4258379
152.5247519
152.6261285
152.7248138
152.8262109
152.9252845
153.026827
153.1258123
153.226593
153.3248074
153.4266527
153.5258272
153.6266918
153.7262216
153.8267486
153.9264089
154.027428
154.1282795
154.2273109
154.3273772
154.4274532
154.5266107
154.6277324
154.7269999
154.8289204
155.0686299
155.1680457
155.3803271
155.5321158
155.5829549
155.6369659
155.682175
155.740069
155.8049734
155.8770244
155.92803
156.0273106
156.1633479
156.2278634
156.3275808
156.4384058
157.0321429
157.1064643
157.1697066
157.252205
157.3442438
157.4052931
157.4584101
157.8017478
157.8722109
157.9350238
158.0073616
158.055636
158.2521497
158.3046121
158.3487191
158.3999408
158.448701
158.503349
158.5551386
158.613804
158.6907261
158.7367426
158.787288
158.8683433
158.9507386
159.025531
159.1248464
159.2253586
159.3247048
159.4251046
159.5244109
159.6265994
159.7245646
159.8250785
159.9248147
160.0261132
160.1245573
160.2257338
160.3245138
160.4256743
160.5245438
160.6260241
160.7250841
160.825663
160.9245108
161.0251057
161.1248002
161.2256209
161.3245098
161.4255237
161.5245335
161.6259734
161.7246844
161.8250842
161.924805
162.0259461
162.1251908
162.226203
162.3245999
162.42618
162.5246207
162.6269444
162.7245584
162.8250643
162.9247218
163.0253993
163.1255477
163.2273502
163.3256211
163.4314827
163.5270229
163.6266063
163.7255031
163.827926
163.9253056
164.0253674
164.1259748
164.2272202
164.324361
164.4273386
164.5255484
164.6275801
164.7258663
164.8276757
164.9260303
165.0263122
165.1266408
165.2278132
165.3260082
165.4279299
165.5264271
165.6281429
165.7275729
165.8304109
165.9270179
166.0285804
166.1246799
166.2253546
166.3245309
166.4252683
166.5243955
166.6254836
166.7245515
166.825188
166.9245182
167.0253223
167.1244017
167.2251733
167.3252316
167.4252061
167.5242153
167.6262955
167.7243924
167.8253294
167.9243905
168.0256553
168.1241896
168.2250952
168.3245354
168.4251001
168.5242159
168.6256033
168.7243919
168.8253437
168.9244652
169.0247607
169.1245265
169.2305729
169.3242275
169.4257005
169.5249081
169.6259597
169.7243765
169.8253191
169.9242
170.0251615
170.1243828
170.2247462
170.3246261
170.4256304
170.5243801
170.6262231
170.7243633
170.8252906
170.9245034
171.0249369
171.1240704
171.2249144
171.3244704
171.4253943
171.5246321
171.6258759
171.7242145
171.8247279
171.9244424
172.0254444
172.1245927
172.2259784
172.3250121
172.4258641
172.5252867
172.6275659
172.7253754
172.82689
172.926105
173.0269582
173.1255962
173.2266244
173.3256342
173.4268346
173.5257537
173.6262647
173.726209
173.8269054
173.925638
174.0602083
174.1257405
174.2268171
174.3271708
174.4269994
174.5263404
174.627335
174.726416
174.8274539
174.9273167
175.0272558
175.1263334
175.226438
175.3274622
175.4279618
175.5274414
175.6297172
175.7240167
175.8248294
175.924179
176.0251062
176.1252769
176.2251414
176.3240531
176.4253253
176.5242176
176.6250696
176.7242077
176.825107
176.9241476
177.0246204
177.1242072
177.2677254
177.3326149
177.4245687
177.5242045
177.6281001
177.7242088
177.8247872
177.9242018
178.0252345
178.1242865
178.2245586
178.324028
178.4250134
178.5248106
178.6253855
178.7241951
178.8253836
178.9241493
179.0252277
179.1242004
179.2249686
179.3242144
179.4253669
179.5241977
179.6258183
179.7243149
179.8247775
179.9241955
180.0253298
180.1241884
180.2247776
180.3241962
180.4247699
180.524062
180.6333367
180.7240532
180.8261898
180.923883
181.0255601
181.1241548
181.2247747
181.3285079
181.4246656
181.5242712
181.6272711
181.7246484
181.8251504
181.9257093
182.0276133
182.1269646
182.2274312
182.325592
182.4276699
182.5244736
182.6282461
182.7251861
182.8283559
182.9253598
183.0277137
183.1248441
183.2843268
183.3633517
183.5203096
183.6793435
183.8617874
184.0195321
184.1585681
184.2630134
184.3254591
184.3851366
184.4462025
184.5152321
184.5738685
184.6583032
184.726408
184.7929385
184.9464269
185.1022564
185.2943397
185.4409032
185.5552475
185.6115364
185.6599784
185.7295326
185.8600506
186.0376371
186.1781156
186.3441303
186.5121708
186.6718394
186.7381184
186.7954986
186.8420734
186.8893734
186.9356271
186.9831677
187.0228403
187.157901
187.3168682
187.4918473
187.6692063
187.8087959
187.9514798
188.065515
188.1110902
188.1732845
188.3079671
188.471599
188.6145304
188.7873736
188.977808
189.1114317
189.2089482
189.2912157
189.3341316
189.3847962
189.4238753
189.4711177
189.5277784
189.5685681
189.615084
189.6617517
189.710009
189.7573421
189.8096066
189.8572584
189.8964949
189.947354
190.0252716
190.124169
190.2250325
190.3243963
190.425067
190.5260091
190.624963
190.723987
190.825107
190.9243734
191.0251855
191.1245049
191.225285
191.3242823
191.4254496
191.5252502
191.6287581
191.7249552
191.8267452
191.924614
192.0260453
192.1251064
192.2251801
192.3252715
192.4257033
192.5248117
192.6264575
192.7254678
192.8245785
192.9253159
193.0262113
193.1259759
193.2261831
193.3260099
193.4255676
193.526211
193.6266228
193.7253749
193.8280309
193.9320304
194.0271435
194.1267269
194.227726
194.3268304
194.4273894
194.5276467
194.6296989
194.723857
194.8276922
194.9252298
195.0351431
195.1240447
195.2246801
195.3241813
195.4249473
195.5241093
195.6252777
195.7238439
195.8251977
195.9240176
196.024755
196.1242101
196.2250866
196.3241135
196.4243309
196.5251117
196.6252259
196.7241062
196.8250415
196.9244635
197.0250481
197.1325655
197.2250769
197.3239293
197.4247967
197.5418613
197.6247144
197.725555
197.8249326
197.9237103
198.0251593
198.1262069
198.2250615
198.3237058
198.4252289
198.5235551
198.6262049
198.7232743
198.8249576
198.9238289
199.0250583
199.1238087
199.2250632
199.3237052
199.4250374
199.5249668
199.6257236
199.7236991
199.8249805
199.9236943
200.0250002
200.123661
200.2252389
200.3233238
200.4255397
200.5236765
200.6255121
200.7239021
200.8251823
200.9235649
201.0257614
201.1236485
201.2259755
201.3240827
201.4258904
201.5235767
201.6270744
201.7240748
201.8267919
201.9244116
202.0261605
202.1234061
202.2260291
202.3238347
202.4259907
202.523985
202.6261535
202.7242647
202.8262052
202.9242554
203.0276966
203.1248846
203.226239
203.325198
203.428337
203.5256858
203.6272015
203.7258994
203.8280104
203.9264101
204.0280278
204.1235418
204.2278497
204.3234196
204.4248116
204.5234125
204.6244664
204.7231124
204.8244416
204.9232849
205.0248804
205.1234141
205.2243745
205.3232668
205.4239141
205.5234108
205.6250029
205.7234072
205.8242392
205.9231042
206.0245629
206.1234038
206.2246157
206.3234088
206.424466
206.5230932
206.6246505
206.7234243
206.8245882
206.9231013
207.0244956
207.123117
207.2247325
207.3231026
207.424742
207.5232494
207.6245377
207.7233826
207.8246064
207.9233932
208.0247544
208.1295555
208.2246978
208.323277
208.4246126
208.5231023
208.6265356
208.7239152
208.8249605
208.9233676
209.0246524
209.1233959
209.2246636
209.3233899
209.42475
209.5233823
209.6244612
209.7232572
209.8245956
209.923351
210.0249734
210.12345
210.2245655
210.3233341
210.4247967
210.523538
210.6244989
210.7236027
210.8251321
210.9230711
211.0250937
211.1233155
211.2249623
211.323752
211.4248914
211.5236543
211.6246232
211.7237031
211.8251988
211.923704
212.0250789
212.1243623
212.2252628
212.3247498
212.425863
212.5250142
212.6259215
212.7253281
212.8252205
212.9253262
213.0265767
213.1259412
213.2268941
213.3270437
213.4269857
213.5271215
213.6277923
213.7230097
213.827666
213.9230506
214.0246666
214.1230629
214.2246983
214.3230638
214.4250054
214.5235699
214.6253445
214.724174
214.8258243
214.9229702
215.0245725
215.1231843
215.2254761
215.3230381
215.424661
215.5230162
215.6252669
215.7230742
215.8240129
215.9230249
216.0242629
216.1230116
216.2243636
216.323277
216.424478
216.5232363
216.6245673
216.7238468
216.8242432
216.9229553
217.0244825
217.1232305
217.2244708
217.3232223
217.4245624
217.5232557
217.6245981
217.7233017
217.8246041
217.9236772
218.0245418
218.1232282
218.2244754
218.3232559
218.424466
218.5232831
218.6252601
218.7231557
218.824416
218.9232296
219.0244283
219.1234939
219.2243015
219.3232611
219.4241644
219.5233441
219.6241294
219.7233815
219.8240271
219.9233727
220.0241649
220.1234466
220.2246972
220.323098
220.4246667
220.5232033
220.6241665
220.7232355
220.8243983
220.9230757
221.024231
221.1235641
221.2245415
221.3238181
221.4247768
221.523721
221.6244789
221.7236472
221.8239707
221.9242856
222.0258429
222.1232049
222.2260519
222.3246073
222.4270723
222.5265428
222.6278932
222.7254125
222.8281233
222.9259682
223.0285769
223.125274
223.2304332
223.3229891
223.4285839
223.591645
223.7092809
223.7698781
223.8273376
223.9232233
224.0243895
224.1229648
224.2244412
224.3232052
224.424555
224.522795
224.6245639
224.7231734
224.8241526
224.9235654
225.0245577
225.1227852
225.2245039
225.3227895
225.424307
225.5227847
225.6254653
225.7227874
225.8244257
225.9234588
226.0244203
226.122857
226.2244275
226.3227821
226.4245008
226.5227973
226.6249436
226.7227851
226.8244188
226.9230928
227.0244254
227.1227601
227.2240956
227.3227724
227.4244478
227.5226017
227.6244185
227.7229031
227.8242962
227.9227883
228.0235377
228.1312136
228.2243522
228.323691
228.4241091
228.5227648
228.6238899
228.7224664
228.8242535
228.9227079
229.0239208
229.1225879
229.2239035
229.3227211
229.4240236
229.5228988
229.6238101
229.7230833
229.8242683
229.9232906
230.0240685
230.1228804
230.223932
230.3227519
230.4237767
230.5232728
230.6241961
230.7239916
230.8236531
230.9242097
231.023634
231.1241109
231.2243397
231.3242401
231.4234574
231.5244041
231.6246534
231.7248577
231.8250244
231.9239509
232.0415919
232.2134133
232.3821551
232.560293
232.7055816
232.8411867
232.9393127
232.9961524
233.0531227
233.0990502
233.1890568
233.3596193
233.4978707
233.6556576
233.7782689
233.8381266
233.9031717
233.9648597
234.0379319
234.1209823
234.2019053
234.2559836
234.2954676
234.3482288
234.4232533
234.522734
234.6246888
234.7225992
234.8231165
234.9224388
235.0232765
235.1224619
235.224663
235.3227166
235.4233
235.5224774
235.6233026
235.7224686
235.8232654
235.9224741
236.0232982
236.1224659
236.2231948
236.3224731
236.4238206
236.5224626
236.6249881
236.7224692
236.8232796
236.9224638
237.023146
237.1224716
237.2232592
237.32246
237.423308
237.5224563
237.6238483
237.7222799
237.8232306
237.9222882
238.0234658
238.1224539
238.2232256
238.322456
238.423255
238.522458
238.623147
238.722699
238.8232209
238.9224604
239.0231026
239.1222726
239.2231269
239.3224548
239.4232162
239.5224472
239.6234292
239.7224538
239.8237985
239.9227871
240.0228038
240.1221443
240.22355
240.3223995
240.4235378
240.5225932
240.62426
240.7228415
240.8240436
240.9231948
241.0257728
241.1229648
241.225175
241.3236277
241.4248903
241.5236719
241.6252738
241.723999
241.8264498
241.924874
242.0271891
242.1270673
242.2276861
242.3224366
242.4273118
242.5220521
242.6229554
242.7220045
242.8230396
242.9224262
243.0233153
243.1221745
243.2229553
243.3225432
243.4229779
243.5224295
243.6241214
243.7220433
243.8229358
243.9221713
244.0241854
244.1218894
244.2229353
244.322172
244.4231079
244.5222505
244.6229332
244.7221659
244.8229785
244.9221457
245.0227451
245.1221643
245.2229878
245.3224155
245.4228513
245.5226667
245.6232325
245.722033
245.8229518
245.9220071
246.0229521
246.1220383
246.2229627
246.3221561
246.4229847
246.5221581
246.6230079
246.7221054
246.8231975
246.9221588
247.0228466
247.1221506
247.2229462
247.3220392
247.4230275
247.5219916
247.6228978
247.7222702
247.8231747
247.922656
248.0229863
248.121963
248.2230956
248.3223077
248.4225348
248.5221461
248.6228647
248.7221391
248.8231011
248.9221451
249.0230319
249.1220343
249.2229638
249.3219787
249.4224995
249.5222602
249.6230061
249.7223837
249.8230344
249.922339
250.023272
250.1229836
250.2241624
250.3226493
250.4238092
250.5233401
250.625381
250.7232139
250.8240186
250.9238129
251.0242453
251.1232368
251.2246499
251.324845
251.4256486
251.525269
251.6279245
251.7270865
251.8278969
251.9220048
252.0242025
252.1291576
252.3077077
252.5014121
252.6022709
252.6649236
252.7128069
252.7701113
252.8371373
252.9232165
253.0234231
253.1226045
253.2688652
253.4565199
253.5640442
253.7352207
253.8411194
253.9290894
254.0128599
254.1197199
254.2780987
254.4238542
254.5720216
254.7348809
254.8988064
255.0190714
255.0769705
255.1441801
255.1928936
255.2968143
255.4596366
255.5988475
255.7574544
255.8967618
256.0630786
256.2183533
256.3168009
256.3994801
256.4617571
256.5538032
256.7000576
256.8249103
256.9842681
257.1193972
257.2835525
257.4340023
257.5696434
257.6742957
257.726213
257.7690639
257.8151431
257.8672794
258.0064767
258.1480117
258.2920841
258.3819157
258.4422004
258.5164403
258.6094695
258.7418029
258.8382269
258.8941566
258.9584178
259.1136383
259.2671934
259.4119768
259.5478465
259.7306735
259.8925721
260.022874
260.1026623
260.1501813
260.2152698
260.3332085
260.4640806
260.6072041
260.7703605
260.9434346
261.1290492
261.2308466
261.2946072
261.3518625
261.4740958
261.6347525
261.783884
261.9273212
262.0562319
262.2414925
262.3873666
262.5204487
262.6107917
262.677345
262.83079
262.9923544
263.1337139
263.2778347
263.4113091
263.5646332
263.7008371
263.8003555
263.8849225
263.955267
264.0475149
264.1599685
264.3077088
264.3891729
264.443379
264.5079064
264.5748765
264.6365137
264.7145916
264.8040525
264.9337814
265.0242624
265.0804355
265.1555621
265.3139779
265.4729913
265.6256849
265.7639157
265.9205264
266.0768873
266.2111126
266.274583
266.3226561
266.3890184
266.5234747
266.7014398
266.8607856
267.0057697
267.1722604
267.3268019
267.4132882
267.4692236
267.5178738
267.5798457
267.6854792
267.8582836
268.0200037
268.1716138
268.3068775
268.3652669
268.428223
268.4741899
268.5268159
268.5870915
268.6374175
268.6943313
268.7498499
268.9030235
269.0594027
269.2010295
269.3506235
269.5162391
269.6497642
269.7576038
269.828121
269.8870801
270.0056003
270.1688011
270.3215522
270.4538384
270.6652811
270.8414045
270.9217272
270.9895611
271.0354721
271.0842364
271.1322941
271.1815949
271.2327077
271.4010652
271.5564568
271.7002561
271.8512379
272.0105164
272.1499264
272.2949151
272.3481085
272.4128486
272.5673513
272.7099417
272.8610068
273.0050547
273.1198282
273.1836487
273.2507904
273.3296311
273.4059431
273.4573222
273.5106906
273.5513765
273.6002787
273.6395522
273.6866487
273.7353525
273.7751392
273.8221028
273.8640293
273.9109479
273.9587918
274.0004932
274.0475834
274.0865724
274.1769359
274.2979975
274.4422962
274.5656932
274.6482492
274.7060428
274.7471723
274.8147058
275.0098909
275.157694
275.3014208
275.4643217
275.6207973
275.7685821
275.8901995
275.9826842
276.0512177
276.1110885
276.1860919
276.2453087
276.3186095
276.4046899
276.4644825
276.5343252
276.5977676
276.6658097
276.7347868
276.798097
276.8690184
276.9283413
277.0435539
277.1028767
277.1553163
277.2086968
277.2647154
277.3315504
277.4254753
277.5665593
277.7362402
277.8818709
278.0220096
278.1207251
278.2521936
278.3418946
278.393016
278.4408821
278.4879871
278.5270657
278.5767627
278.6157289
278.6627358
278.7137774
278.756423
278.8042697
278.8464347
278.8945284
278.9403995
278.9834904
279.0443145
279.1665204
279.2894025
279.3770463
279.4778841
279.5369156
279.5814074
279.6276508
279.6763934
279.7692595
279.9503383
280.0816147
280.2572996
280.3979754
280.560939
280.656632
280.7386749
280.8001279
280.893538
281.0477983
281.212757
281.3508288
281.5174524
281.6736246
281.8291143
281.9459856
282.0060781
282.0571887
282.1119632
282.2439095
282.4185823
282.54679
282.7060776
282.8328262
282.980863
283.0989613
283.1725866
283.2432988
283.2852579
283.3602573
283.5309087
283.7133355
283.8671802
283.994248
284.1764638
284.3198155
284.3707886
284.4317638
284.4708914
284.5637409
284.7284937
284.8546362
285.0214269
285.1752636
285.3467417
285.4747521
285.537557
285.5961432
285.6463671
285.6995029
285.8318112
285.9827982
286.171355
286.2987712
286.4875584
286.6398339
286.7515861
286.8354632
286.8839777
286.9367383
286.988159
287.0372209
287.0880925
287.1368698
287.1938333
287.248776
287.2965868
287.3531437
287.4008212
287.4603875
287.5158023
287.5636308
287.6160169
287.6668075
287.7206127
287.7753165
287.8255045
287.8941207
287.9545571
288.0199997
288.0691704
288.1139223
288.1679995
288.2155042
288.2684347
288.3261502
288.3730813
288.4280593
288.4778533
288.5326027
288.5869804
288.6431678
288.6982376
288.7449292
288.8029863
288.8561956
288.9028821
288.9568869
289.0244511
289.1235116
289.2234918
289.3235758
289.4279573
289.5278542
289.6262414
289.7274212
289.8279431
289.9210937
290.0287275
290.121134
290.2219666
290.3211457
290.4215895
290.5211352
290.6225802
290.7210894
290.8218405
290.9210823
291.0240805
291.1222515
291.2218645
291.3208726
291.421984
291.5211381
291.6230233
291.7213568
291.8220891
291.9208337
292.0219879
292.1208369
292.2221331
292.3216315
292.4220194
292.5209448
292.6212312
292.7208419
292.8219802
292.9208109
293.0221504
293.120842
293.2221331
293.3209068
293.4219932
293.5207384
293.6243016
293.7214885
293.8217641
293.9210829
294.0219195
294.1211254
294.2218537
294.3207067
294.4220177
294.5207053
294.621969
294.7209822
294.8217812
294.9209386
295.0217861
295.1208534
295.2216496
295.3208583
295.421622
295.520861
295.62175
295.7206788
296.234705
296.2792664
296.3289737
296.3814247
296.4207142
296.4878668
296.5291731
296.5743121
296.633059
296.7206714
296.8233121
296.920836
297.0217684
297.120931
297.2220692
297.3206074
297.4226061
297.5205388
297.62244
297.7213032
297.8227881
298.0679805
298.1712278
298.3537025
298.4438266
298.4950676
298.5452892
298.5922066
298.6369049
298.7233347
298.8277943
298.9265327
299.0278237
299.1245659
299.2285214
299.3274491
299.4283262
299.5208017
299.6263292
299.7206994
299.8217253
299.9206472
300.0218933
300.1207873
300.2216844
300.321144
300.4217024
300.5203974
300.6218048
300.7205015
300.8213495
300.9210971
301.0215837
301.12072
301.2214483
301.3208104
301.4215889
301.5211381
301.6214763
301.7205135
301.821678
301.9210623
302.0216584
302.1204406
302.2212396
302.320807
302.4214754
302.5208125
302.6216719
302.7205186
302.8215879
302.9209306
303.0216219
303.1206778
303.2630573
303.3206514
303.5037219
303.5514791
303.6277335
303.720672
303.8214852
303.9206746
304.021379
304.1219459
304.2212539
304.3203737
304.4217554
304.5205508
304.6882486
304.7382467
304.8215383
304.9203907
305.021558
305.1205324
305.2236019
305.3233631
305.8433118
305.9040076
305.9692837
306.0279965
306.0872395
306.1368254
306.1844931
306.2396206
306.2946984
306.34938
306.4324172
306.5566758
306.7815771
306.8237061
306.8824913
306.9460825
307.024519
307.1214379
307.225386
307.3216372
307.4239996
307.521308
307.6263417
307.721509
307.8261904
307.9219165
308.0268082
308.1213746
308.2268491
308.3268458
308.4282891
308.5272476
308.6261376
308.7274292
308.8284848
308.9253752
309.0256901
309.1203887
309.2279147
309.3203452
309.4257689
309.5203894
309.6274815
309.7202176
309.8277698
309.9205281
310.0247926
310.1203882
310.2249566
310.3203822
310.4250995
310.5203866
310.6261832
310.7205095
310.8249873
310.9205144
311.0247419
311.120346
311.2236087
311.3205926
311.4249883
311.5203774
311.6267608
311.7201223
311.8251418
311.9204961
312.0251245
312.1202034
312.2252885
312.3202231
312.4249821
312.5205821
312.6251249
312.7202107
312.8252502
312.9202116
313.0252368
313.1206852
313.2250792
313.3213994
313.424868
313.5202206
313.6254123
313.7206287
313.8249822
313.9205708
314.0237395
314.1202
314.2252691
314.3203634
314.4250191
314.5207167
314.6249077
314.7203116
314.8249291
314.9200839
315.0255516
315.1204349
315.2237826
315.3205573
315.42525
315.5203569
315.6248182
315.7204975
315.8237124
315.920389
316.0253394
316.1205558
316.22474
316.3208287
316.425225
316.5208803
316.6257459
316.7209559
316.8259481
316.9210646
317.0241603
317.1217429
317.2261717
317.3215237
317.4263191
317.5215771
317.6273333
317.7256525
317.8269202
317.9260537
318.0280221
318.1263272
318.2274631
318.3264467
318.4280935
318.5269083
318.6276366
318.7204257
318.8276569
318.9203565
319.0284133
319.1274356
319.2278332
319.3204045
319.4278695
319.5201305
319.6261102
319.7243451
319.8248197
319.9202932
320.0246564
320.1239575
320.2248511
320.3249557
320.4246268
320.5242302
320.6254648
320.7241376
320.8253214
320.9238386
321.0239436
321.1238828
321.224854
321.3238142
321.4257444
321.5245147
321.6249351
321.7236603
321.8252045
321.9240193
322.0246854
322.1237756
322.2249629
322.32387
322.4235612
322.5237541
322.625625
322.7239688
322.8252878
322.9239526
323.0252955
323.123807
323.2251659
323.325836
323.4247853
323.5240198
323.6241408
323.7237527
323.8261488
323.9237587
324.0251661
324.1238229
324.2251533
324.3243159
324.425278
324.5240032
324.6258354
324.722691
324.8246771
324.9249801
325.0251422
325.1229488
325.2255861
325.3242897
325.4250716
325.524115
325.6258268
325.7242003
325.8248453
325.9251237
326.0253851
326.1252991
326.2236036
326.3251609
326.4254907
326.5236776
326.6249465
326.7254165
326.8259418
326.9255896
327.0265568
327.1241941
327.22669
327.3263942
327.4269919
327.5267156
327.6278151
327.7265962
327.8276837
327.92747
328.0280746
328.1277982
328.2280037
328.3271623
328.4283769
328.527946
328.627912
328.7278472
328.8259503
328.9274672
329.0279167
329.1239814
329.2247816
329.3238045
329.4246987
329.5238436
329.625698
329.7238057
329.8246401
329.923119
330.0270135
330.1239472
330.2247668
330.3226994
330.4248429
330.5241184
330.6242286
330.7241832
330.8245614
330.9239748
331.0243251
331.1228981
331.2248751
331.3236522
331.4243908
331.5235568
331.6248324
331.7236324
331.8261396
331.9242075
332.0240662
332.1236188
332.2240267
332.3240035
332.4251075
332.5240711
332.6250172
332.7237829
332.8245209
332.9237787
333.0265505
333.1236165
333.2247804
333.323626
333.4243645
333.5235437
333.6253735
333.7238388
333.8248636
333.9236339
334.0243998
334.1245482
334.2251322
334.3236642
334.4246388
334.5237569
334.6245519
334.7236888
334.8229415
334.9234811
335.0227742
335.123486
335.2244024
335.3237674
335.5933938
335.6467052
335.7017266
335.7493402
335.8253357
335.9235614
336.0257357
336.1238138
336.2254989
336.3245799
336.4259217
336.5241207
336.6266268
336.7249791
336.8262103
336.9253986
337.0264028
337.1257809
337.2270971
337.3263976
337.4269999
337.5259287
337.633006
337.8083004
337.9029249
337.9646949
338.0259016
338.1262947
338.2272795
338.3251866
338.4275405
338.5224272
338.6243695
338.7234089
338.8246805
338.9232541
339.0243604
339.12321
339.2240825
339.324654
339.4232521
339.5235984
339.624967
339.7226996
339.8240807
339.9236795
340.0247624
340.1232596
340.2243237
340.3230165
340.4244529
340.5231594
340.6253975
340.722939
340.8263649
340.9230694
341.0246108
341.1250061
341.2244309
341.3230125
341.4226472
341.5230972
341.6246625
341.7230428
341.8242928
341.9231498
342.0242932
342.1232277
342.2247234
342.323415
342.4244723
342.5222733
342.6237639
342.722971
342.8242974
342.9220641
343.0242173
343.1232425
343.2242017
343.3231898
343.4240612
343.5229444
343.6241157
343.7231021
343.8240944
343.9236669
344.0228084
344.1233058
344.2240004
344.323033
344.4241433
344.5230733
344.6252162
344.7223398
344.8243213
344.9232992
345.0241096
345.1233765
345.2243157
345.3239835
345.4243948
345.5240295
345.6244727
345.7382507
345.8364086
345.9228145
346.0254016
346.1248527
346.3124943
346.4637031
346.6022658
346.6643055
346.7275187
346.7901452
346.8612269
346.9447306
347.0251336
347.1261858
347.2266392
347.3261878
347.4243286
347.526333
347.6276868
347.7264052
347.8266391
347.9228156
348.0233712
348.1244821
348.2241703
348.3230877
348.4235942
348.5230048
348.6234298
348.7228564
348.8246988
348.9232507
349.0241654
349.1232391
349.2247439
349.3220198
349.4240276
349.5249645
349.6247891
349.7228558
349.8241252
349.9231042
350.0249147
350.1229072
350.2236081
350.3224999
350.4233958
350.5229176
350.6250246
350.7228826
350.8239045
350.9246374
351.0240793
351.1233822
351.2238853
351.3226076
351.424177
351.5240146
351.6237736
351.7215147
351.8239216
351.9214991
352.0237828
352.1227407
352.2242496
352.3230302
352.4240424
352.522913
352.6238477
352.723288
352.8240015
352.9232296
353.0226402
353.1309861
353.2223349
353.3228933
353.4222982
353.5227004
353.6253085
353.7213739
353.8247421
353.923615
354.0240121
354.1241126
354.2227449
354.3233312
354.423942
354.5227545
354.6276719
354.7232937
354.8222339
354.9237331
355.0249779
355.1236188
355.2247434
355.3235496
355.4255505
355.5223925
355.6242623
355.7244312
355.826183
355.9241003
356.0258817
356.2131077
356.2650746
356.3236049
356.4244968
356.5264818
356.625877
356.7250681
356.8268712
356.9238425
357.0273094
357.1252969
357.2269665
357.3229287
357.4260101
357.5225533
357.6249539
357.7226357
357.8234689
357.9241932
358.0234014
358.1223781
358.2240346
358.3230872
358.424137
358.5225743
358.623277
358.7243639
358.8237038
358.9228903
359.0237532
359.1252911
359.2239297
359.3229977
359.4237083
359.5225709
359.6247697
359.7223917
359.8235025
359.9229519
360.0234801
360.1246126
360.2235255
360.3227012
360.4218272
360.5228691
360.6263155
360.7227902
360.8242147
360.9225608
361.0236494
361.1218951
361.223696
361.3227074
361.4234745
361.5229695
361.622985
361.7216966
361.8237004
361.9230785
362.0260556
362.122934
362.2235283
362.3208492
362.4235965
362.5217801
362.6244424
362.7213933
362.8237181
362.921027
363.0236836
363.1219054
363.2233544
363.3545931
363.4390718
363.5211557
363.623838
363.7220347
363.8233743
363.926487
364.0232891
364.1223131
364.223168
364.3232998
364.4229801
364.521357
364.6240712
364.7217188
364.8241263
364.9254864
365.0227457
365.1245294
365.2252925
365.3229332
365.4258675
365.5266683
365.6260315
365.7253007
365.8258608
365.9274683
366.0256816
366.1253784
366.2272185
366.325308
366.4266801
366.5234741
366.6262111
366.7217474
366.8264721
366.9227119
367.0238176
367.1214282
367.243597
367.3216526
367.4231911
367.5218491
367.6226874
367.7214782
367.8225794
367.9214113
368.0230137
368.1224773
368.2225379
368.3219474
368.4209252
368.5218439
368.6223966
368.7220524
368.8210154
368.9218081
369.0226077
369.1213466
369.2226748
369.3213806
369.4226591
369.5213154
369.623399
369.7213214
369.8227602
369.9214176
370.0230234
370.1350726
370.2211689
370.3215135
370.4223096
370.5203769
370.6336229
370.7214338
370.8226285
370.9214609
371.0226761
371.1213997
371.2220835
371.3216075
371.4223872
371.5217385
371.6242816
371.7213277
371.8223035
371.9213999
372.0214137
372.1242916
372.2220555
372.3212848
372.4226415
372.5211061
372.6259682
372.7214663
372.8226661
372.920247
373.0252955
373.1213341
373.2230049
373.3215152
373.4226757
373.5225521
373.6240627
373.721915
373.8214693
373.9219991
374.0255521
374.1223923
374.2235813
374.3231322
374.4254639
374.5217385
374.6262442
374.7253549
374.8235008
374.9226092
375.0241506
375.1241451
375.2263564
375.3247646
375.4262285
375.5250159
375.6266701
375.7240737
375.8263791
375.9204294
376.0263812
376.1207673
376.2220994
376.3210727
376.4225194
376.5208638
376.6224257
376.720599
376.8219802
376.9210122
377.0218938
377.1206459
377.2224769
377.3209131
377.4204531
377.5207891
377.6221007
377.7211196
377.8213615
377.9211558
378.021294
378.1212799
378.2210435
378.3199512
378.4215467
378.5207201
378.6221908
378.7205762
378.8210981
378.9204403
379.0213242
379.1205199
379.222157
379.3210556
379.4486868
379.5204134
379.6230278
379.7204445
379.8214356
379.9205994
380.0213533
380.1206128
380.2201842
380.3206132
380.4215068
380.5207942
380.6225135
380.7203886
380.8212076
380.9204243
381.0212552
381.1203859
381.2211661
381.3202306
381.42124
381.5208227
381.6266867
381.7204565
381.8211317
381.9204346
382.0212022
382.1535397
382.3194123
382.4708857
382.6723634
382.7319148
382.7864191
382.8322286
382.8738792
382.919707
383.0200983
383.1215091
383.2215082
383.3214074
383.4221397
383.5222066
383.6222113
383.721525
383.8230424
383.922059
384.023589
384.1215405
384.2244914
384.3242002
384.424815
384.5237866
384.6267482
384.7242755
384.8246087
384.9238699
385.0251137
385.1235641
385.22483
385.319592
385.4210518
385.5202982
385.621059
385.7202774
385.8209316
385.9200873
386.0198423
386.1217258
386.2216621
386.3203041
386.4208346
386.5202041
386.6209136
386.7201719
386.8210069
386.9201415
387.0222359
387.1203169
387.2209825
387.3206434
387.4212588
387.520394
387.6221018
387.7203151
387.8206858
387.9234543
388.0213522
388.1209201
388.2211455
388.3204233
388.4215838
388.5206574
388.6215117
388.719827
388.8210639
388.9199032
389.0206246
389.1212965
389.2225111
389.3190098
389.420095
389.5196904
389.6237839
389.719084
389.8212492
389.9198028
390.0210066
390.1198488
390.221068
390.3198867
390.4218227
390.5197634
390.6222244
390.720189
390.8203894
390.9199305
391.0197916
391.1195882
391.2210948
391.3197573
391.4207656
391.5195837
391.6215009
391.7197323
391.8208307
391.9208508
392.0211999
392.1198328
392.2211484
392.3201678
392.421419
392.5187273
392.6224388
392.7189837
392.8198169
392.9192611
393.0235953
393.1204537
393.221694
393.3201439
393.4232527
